100;200;300;400;500;600;700;800;900;1000
200;400;600;800;1000;1200;1400;1600;1800;2000
300;600;900;1200;1500;1800;2100;2400;2700;3000
400;800;1200;1600;2000;2400;2800;3200;3600;4000
500;1000;1500;2000;2500;3000;3500;4000;4500;5000
600;1200;1800;2400;3000;3600;4200;4800;5400;6000
700;1400;2100;2800;3500;4200;4900;5600;6300;7000
800;1600;2400;3200;4000;4800;5600;6400;7200;8000
900;1800;2700;3600;4500;5400;6300;7200;8100;9000
1000;2000;3000;4000;5000;6000;7000;8000;9000;10000
